10672
14176
18915
19549
27728
38840
41353
56577
56818
65778
71357
72135
72451
73829
78159
78572
82112
84604
86856
88035
92277
95689
97911
99588
112227
133573
135592
138730
147354
150582
152178
152561
155713
157699
158566
165816
169174
176310
180730
184104
190311
206513
213018
218636
238095
238503
243448
244773
249559
251352
256244
266097
268088
270880
271135
276843
279044
279104
285278
294279
299513
308550
318324
323450
329670
332298
340409
340755
340937
341223
349702
350404
358345
362167
367024
378509
379208
381328
385788
385887
386335
390605
391317
394257
400360
402847
407379
412776
415533
415983
417195
431380
437850
440444
454545
455332
461397
465825
468664
485241
487851
489441
489795
494399
502512
503355
509368
514950
518712
524559
525485
528465
532268
535540
553065
561002
564536
567916
569366
572115
589753
589983
593456
604250
609756
612244
622717
623623
626922
630161
631058
643347
643604
643856
665104
666362
668547
669878
671888
672175
677618
684482
693054
693641
732773
746390
754138
757771
760233
763928
771917
775729
781893
806374
806973
829666
829982
837282
841488
841811
848210
855851
858834
864288
876593
880239
880758
885833
887736
892149
894859
903954
906082
912351
913026
921783
922924
924932
925092
927565
927696
934202
934289
944172
957487
959837
962159
975262
976137
976695
992919
999559
1004473
1011536
1020298
1028973
1033669
1036761
1041505
1041989
1043029
1044062
1047035
1056002
1062660
1064142
1067267
1067867
1071428
1073004
1073668
1079669
1082776
1089735
1090909
1099956
1107192
1109524
1110559
1124392
1125076
1125424
1128346
1136428
1140039
1141828
1150818
1150848
1153713
1157997
1158092
1161713
1168896
1174030
1174334
1174616
1186404
1196803
1196971
1202531
1205751
1207129
1212679
1215377
1219081
1224022
1226284
1236297
1239929
1257120
1260294
1260428
1260997
1265861
1268597
1272130
1279722
1288894
1291028
1302111
1307787
1326445
1345614
1345910
1346877
1352390
1357695
1360456
1373690
1378607
1381905
1387876
1391049
1398373
1403233
1404976
1406480
1407801
1422376
1429422
1432045
1432295
1434215
1436527
1439018
1443231
1443406
1453744
1461644
1465067
1465850
1466017
1466643
1468082
1472709
1476458
1477272
1482283
1489515
1489790
1490196
1496030
1496137
1497424
1505141
1505256
1510757
1514825
1515467
1516541
1524109
1528599
1535535
1535779
1549737
1550288
1551126
1552525
1573001
1574709
1584260
1590175
1595346
1596686
1599392
1600964
1603495
1606327
1621823
1631489
1631735
1633592
1633960
1649129
1652678
1657606
1658012
1660329
1671744
1672306
1678956
1679810
1680351
1680954
1683412
1693472
1696202
1700172
1709265
1715794
1717288
1726298
1731937
1737751
1745788
1748787
1757377
1757621
1766698
1768224
1773818
1774055
1781305
1785726
1787072
1795787
1797614
1802900
1807650
1815759
1817155
1820995
1831229
1832710
1833366
1842721
1850925
1851882
1853336
1857889
1869681
1873282
1875267
1889400
1893977
1896028
1899679
1903114
1903729
1904458
1911546
1914025
1923076
1925272
1926341
1933668
1937327
1937645
1948242
1952014
1957266
1963624
1964296
1968625
1970278
1986493
1988974
1990811
1991104
1997542
2007001
2020133
2022835
2031158
2032002
2033467
2037115
2054105
2055619
2056334
2061294
2063492
2074752
2074804
2081301
2081681
2083245
2089507
2091979
2098940
2102034
2106281
2112270
2112906
2116324
2116577
2118226
2118284
2124645
2125047
2130089
2141554
2145620
2167707
2169302
2171052
2174207
2194340
2198760
2202431
2203351
2209036
2211009
2215804
2222222
2223990
2229400
2229464
2232079
2244557
2256857
2260623
2262062
2262192
2263128
2265934
2268725
2273207
2279200
2285868
2289420
2290187
2292186
2295199
2296610
2314151
2317044
2320522
2328741
2341632
2344048
2345180
2363614
2371102
2374262
2381265
2390891
2394919
2399527
2406345
2407517
2410704
2414691
2418075
2419354
2450271
2456885
2459639
2471370
2477958
2496382
2504101
2515513
2516135
2518005
2519878
2528121
2530338
2533632
2538802
2539781
2542667
2548515
2550352
2552353
2553191
2559419
2559540
2561258
2561584
2568648
2576012
2576381
2577291
2587939
2603719
2615453
2616874
2620361
2629410
2635018
2639908
2642571
2643979
2651615
2653136
2653643
2662580
2666440
2675791
2689694
2689755
2699386
2709277
2715183
2715814
2719665
2731178
2734433
2738808
2739612
2747086
2748091
2757196
2771277
2788821
2794815
2809642
2823992
2826476
2831660
2835587
2836572
2851607
2853284
2853342
2855944
2858036
2859349
2860440
2870485
2870765
2876218
2879637
2885482
2887096
2887323
2887453
2888390
2895010
2910052
2922283
2927580
2929238
2932232
2933982
2938547
2940318
2940549
2941473
2953813
2980448
2981462
2986269
2988674
2993266
3003199
3011959
3014218
3015873
3016189
3023836
3027915
3028790
3029041
3035743
3038857
3048548
3049015
3052253
3066434
3068951
3069494
3077643
3087919
3097238
3097533
3118744
3126975
3138529
3148843
3157706
3164369
3165406
3171356
3178305
3179143
3182003
3182393
3183008
3185123
3185430
3186274
3190266
3192371
3195056
3214730
3217587
3223605
3224684
3226611
3228311
3234644
3236436
3236686
3247787
3255190
3258145
3264887
3267871
3269018
3269803
3271214
3275362
3278753
3287389
3299531
3303412
3303587
3304026
3306754
3312003
3316079
3327183
3341588
3352545
3360403
3372093
3378582
3383864
3390026
3393639
3394316
3400000
3409296
3422035
3441091
3442106
3459107
3473794
3474775
3475832
3487179
3495145
3495686
3501265
3524481
3524920
3526966
3539185
3543331
3545890
3554960
3561606
3564217
3577412
3577584
3579817
3594193
3601409
3609902
3617123
3620309
3620997
3621059
3622603
3623421
3624242
3626943
3628054
3629482
3630311
3630806
3636563
3647385
3647457
3649218
3654970
3660881
3672427
3673656
3679890
3684875
3687943
3693678
3694203
3696608
3702290
3704523
3708844
3712282
3714338
3716985
3718689
3736842
3738726
3755199
3770590
3778017
3780487
3782107
3782505
3783112
3784736
3785491
3785568
3789659
3794232
3794377
3798990
3799073
3804538
3804612
3812443
3820388
3823529
3824841
3840216
3843648
3858437
3860281
3863705
3866587
3881291
3881852
3881865
3885191
3888888
3897316
3899178
3900515
3902499
3902644
3907654
3911095
3912951
3919485
3921356
3922260
3926235
3940579
3950325
3952641
3959452
3959787
3959974
3959982
3960903
3965429
3967775
3970393
3978839
3980362
3980597
3999672
4000524
4006401
4006495
4008699
4017119
4025102
4029097
4033494
4034765
4038672
4042540
4044186
4053906
4060356
4069767
4076175
4076561
4078654
4081699
4084341
4086021
4094674
4097103
4097484
4104477
4112253
4117027
4118179
4121628
4128474
4131630
4135556
4137037
4157361
4158281
4165163
4168286
4172024
4182935
4189057
4194137
4200000
4203320
4207411
4222101
4230360
4238625
4262472
4269657
4270099
4270998
4272445
4273064
4273079
4274733
4280580
4286017
4292484
4296590
4302325
4305379
4306883
4312405
4317937
4332659
4332723
4335795
4337893
4362037
4363737
4364985
4366963
4376181
4377510
4383854
4384362
4394342
4414490
4419174
4423610
4430260
4435021
4446477
4454583
4461383
4461628
4467075
4470412
4481002
4484058
4492626
4492781
4495042
4495798
4496567
4499514
4501233
4509522
4518961
4529530
4538116
4545640
4558011
4559695
4584120
4588157
4590775
4593669
4599677
4605585
4606005
4607058
4613207
4616140
4617048
4620298
4625160
4627403
4628571
4629469
4633575
4636820
4643236
4650464
4655172
4655493
4659927
4662395
4664292
4667374
4667786
4668577
4669113
4677419
4681133
4683323
4687049
4690137
4704257
4714173
4717660
4718538
4723904
4725363
4735189
4736761
4742734
4743090
4746787
4747188
4753775
4755113
4762227
4762988
4765218
4767314
4770340
4775059
4776731
4789165
4792481
4793470
4798200
4807923
4809667
4809908
4817509
4818724
4821138
4821306
4821853
4822455
4832656
4837793
4843750
4849449
4851448
4854700
4857412
4857462
4874759
4877144
4877959
4880603
4888777
4899873
4901635
4902174
4920247
4928133
4933179
4938099
4945415
4947368
4957350
4961910
4965406
4968845
4972216
4979173
4979825
4990195
4990533
4992944
4993440
