 448992
 449251
 449290
 449554
 449562
 449604
 449617
 449651
 449666
 449914
 449924
 450143
 450217
 450232
 450455
 450484
 450495
 450506
 450630
 450652
 450696
 450769
 450779
 450821
 450918
 450933
 450964
 451061
 451114
 451114
 451276
 451367
 451449
 451455
 451543
 451577
 451580
 451695
 451726
 451755
 451788
 451838
 451887
 451930
 452034
 452041
 452054
 452060
 452201
 452231
 452316
 452426
 452755
 452805
 453019
 453052
 453060
 453067
 453105
 453251
 453425
 453545
 453553
 453574
 453594
 453622
 453690
 453812
 453833
 453858
 453936
 454043
 454263
 454357
 454426
 454649
 454652
 454699
 454800
 454808
 454976
 455001
 455023
 455028
 455105
 455277
 455607
 455625
 455640
 455694
 455707
 455902
 455909
 456022
 456057
 456126
 456227
 456351
 456504
 456623
 456815
 456838
 456900
 457140
 457142
 457364
 457473
 457533
 457551
 457603
 457879
 457889
 458081
 458209
 458259
 458264
 458738
 458761
 458816
 458942
 458980
 459183
 459459
 459582
 459587
 459597
 459612
 459683
 460000
 460008
 460016
 460147
 460150
 460182
 460366
 460464
 460551
 460594
 460896
 461057
 461060
 461082
 461238
 461355
 461538
 462121
 462406
 462487
 462487
 462580
 462598
 462600
 462677
 463038
 463615
 463811
 463874
 463957
 464033
 464056
 464485
 464521
 464587
 464607
 464731
 464766
 464770
 464819
 464863
 465163
 465291
 465361
 465461
 465522
 465561
 465647
 465683
 465746
 465751
 465829
 465970
 465978
 466113
 466190
 466289
 466378
 467060
 467255
 467311
 467329
 467415
 467429
 467647
 467788
 467895
 468005
 468094
 468267
 468478
 468519
 468674
 468710
 468983
 469418
 469447
 469586
 469673
 469939
 470164
 470194
 470416
 470464
 470514
 470588
 470658
 470910
 470938
 470954
 471061
 471131
 471182
 471244
 471644
 471737
 471776
 472022
 472034
 472373
 472386
 472422
 472509
 472564
 472602
 472686
 472796
 472888
 472972
 472984
 472993
 473219
 473252
 473309
 473342
 473358
 473532
 473624
 473669
 473687
 473700
 473770
 473770
 473840
 473972
 474037
 474080
 474084
 474170
 474358
 474729
 474885
 475039
 475107
 475122
 475156
 475173
 475214
 475231
 475247
 475331
 475340
 475430
 475520
 475521
 475537
 475710
 475819
 475862
 475977
 476008
 476076
 476113
 476122
 476135
 476179
 476180
 476221
 476246
 476562
 476656
 476857
 476974
 477047
 477113
 477116
 477141
 477262
 477265
 477272
 477454
 477468
 477504
 477618
 477767
 477771
 477812
 477825
 477872
 477928
 477987
 478063
 478087
 478259
 478504
 478540
 478603
 478628
 478666
 478676
 478802
 478938
 479041
 479188
 479553
 479555
 479632
 479727
 479810
 479821
 479948
 480118
 480160
 480198
 480326
 480371
 480473
 480483
 480519
 480534
 480733
 481159
 481200
 481294
 481311
 481726
 482092
 482160
 482163
 482439
 482447
 482565
 482583
 482613
 482664
 482785
 482798
 482820
 482912
 483030
 483096
 483648
 483648
 483811
 483834
 483998
 484003
 484071
 484126
 484348
 484460
 484640
 484933
 485041
 485142
 485251
 485567
 485818
 485910
 486039
 486163
 486274
 486335
 486460
 486666
 486696
 486718
 486769
 487272
 487394
 487769
 487912
 487916
 487951
 488191
 488300
 488310
 488403
 488538
 488644
 489018
 489063
 489325
 489334
 489341
 489513
 489555
 489743
 489764
 489811
 489842
 489894
 489918
 489996
 490484
 490636
 490654
 490677
 490847
 490890
 490910
 490956
 491043
 491053
 491090
 491270
 491368
 491600
 491649
 491682
 491715
 491776
 491879
 491913
 492098
 492293
 492372
 492390
 492768
 492868
 493037
 493084
 493138
 493268
 493436
 493726
 493801
 493934
 493970
 494022
 494056
 494065
 494245
 494402
 494475
 494541
 494757
 494773
 494946
 495068
 495187
 495269
 495509
 495706
 495735
 495778
 496231
 496262
 496301
 496548
 496583
 496710
 496762
 496788
 496789
 497230
 497347
 497375
 497414
 497450
 497590
 497678
 497711
 497906
 497933
 497971
 497983
 498174
 498186
 498432
 498447
 498557
 498729
 498760
 498840
 498899
 499110
 499173
 499198
 499557
 499675
 499675
  403056
  403150
  403218
  403273
  403546
  403604
  403643
  403689
  403751
  403782
  403790
  403840
  403911
  404162
  404312
  404369
  404399
  404673
  404718
  404761
  404813
  404848
  405100
  405175
  405184
  405211
  405263
  405369
  405459
  405507
  405640
  405652
  405895
  405986
  405996
  406008
  406043
  406053
  406149
  406152
  406166
  406318
  406377
  406439
  406848
  406962
  407202
  407231
  407404
  407430
  407780
  407783
  407801
  408096
  408163
  408466
  408489
  408756
  408977
  409124
  409182
  409390
  409401
  409479
  409589
  409594
  409615
  409649
  409907
  409926
  409961
  410065
  410345
  410474
  410842
  410948
  411032
  411173
  411188
  411299
  411417
  411489
  411522
  411551
  411707
  411764
  411845
  411881
  412115
  412154
  412202
  412232
  412280
  412287
  412299
  412378
  412441
  412519
  412737
  412788
  412789
  413019
  413028
  413454
  413461
  413547
  413640
  413741
  413861
  413922
  413958
  414050
  414075
  414141
  414175
  414232
  414325
  414378
  414570
  414604
  414605
  414881
  414906
  414927
  415038
  415227
  415486
  415553
  415722
  415773
  415789
  415794
  415857
  415884
  416073
  416301
  416311
  416324
  416473
  416784
  416911
  416998
  417032
  417110
  417176
  417245
  417316
  417423
  417454
  417716
  417792
  417874
  418176
  418239
  418361
  418457
  418483
  418527
  418604
  418638
  418658
  418678
  418707
  418746
  419033
  419091
  419316
  419381
  419382
  419643
  419687
  419687
  419769
  419911
  419957
  420039
  420072
  420147
  420180
  420186
  420271
  420418
  420668
  420738
  420768
  420825
  420878
  420899
  420950
  421293
  421485
  421521
  421561
  421842
  421905
  421968
  422001
  422069
  422085
  422094
  422094
  422165
  422250
  422285
  422369
  422435
  422500
  422567
  422706
  422790
  422953
  423043
  423069
  423076
  423076
  423132
  423261
  423270
  423461
  423501
  423563
  423622
  423662
  423773
  423905
  423930
  424008
  424012
  424206
  424240
  424308
  424393
  424539
  424870
  424982
  425027
  425080
  425300
  425301
  425302
  425325
  425426
  425504
  425575
  425657
  425784
  425825
  425833
  425916
  425976
  426585
  427330
  427340
  427350
  427356
  427515
  427533
  427630
  427715
  427825
  428067
  428104
  428109
  428130
  428261
  428307
  428441
  428483
  428608
  428665
  428818
  428943
  428952
  429012
  429159
  429166
  429327
  429357
  429381
  429402
  429629
  429708
  430000
  430045
  430127
  430287
  430356
  430562
  430575
  430613
  430649
  430717
  430903
  431026
  431047
  431095
  431212
  431268
  431280
  431372
  431429
  431431
  431638
  431788
  432106
  432229
  432233
  432244
  432278
  432362
  432539
  432580
  432663
  432898
  433190
  433263
  433287
  433648
  433652
  433719
  433976
  434059
  434146
  434407
  434409
  434632
  434647
  434727
  434817
  434899
  435114
  435227
  435315
  435387
  435408
  435426
  435517
  435577
  435652
  435735
  435860
  435983
  435986
  436116
  436235
  436278
  436370
  436376
  436547
  436586
  436664
  436704
  436781
  436800
  437263
  437272
  437282
  437412
  437448
  437502
  437610
  437947
  438148
  438164
  438190
  438264
  438434
  438741
  438820
  438882
  438925
  438937
  439034
  439044
  439557
  439633
  439678
  439704
  439760
  439791
  439870
  439900
  439981
  440007
  440151
  440222
  440455
  440471
  440684
  440911
  440968
  441091
  441176
  441217
  441244
  441457
  441464
  441798
  441837
  441884
  441903
  442036
  442182
  442244
  442274
  442577
  442580
  442650
  442706
  442734
  442748
  442769
  442825
  442955
  442970
  442975
  443168
  443189
  443219
  443317
  443526
  443548
  443652
  443661
  443719
  443799
  443867
  443898
  443929
  444023
  444054
  444069
  444160
  444220
  444254
  444275
  444336
  444367
  444424
  444428
  444481
  444524
  444565
  444738
  444759
  444801
  444911
  444919
  444934
  444960
  445072
  445193
  445391
  445423
  445472
  445491
  445723
  445740
  445743
  445751
  445851
  445929
  445949
  446062
  446103
  446117
  446125
  446400
  446530
  446958
  447031
  447073
  447078
  447115
  447168
  447187
  447196
  447207
  447372
  447439
  447534
  447657
  447706
  447820
  447914
  447985
  448044
  448088
  448216
  448228
  448253
  448385
  448502
  448561
  448584
  448748
  448875
  448882
  448946
  448950