4775059
 1107192
 643347
 2552353
 4182935
 3016189
 2223990
 3011959
 4762227
 553065
 3577584
 2823992
 4617048
 4470412
 502512
 1986493
 3352545
 2141554
 1923076
 3271214
 266097
 1524109
 3623421
 2063492
 150582
 2007001
 1071428
 569366
 3442106
 3185430
 1429422
 1889400
 3812443
 3824841
 3341588
 924932
 1268597
 4662395
 4809908
 1988974
 4979173
 4607058
 3708844
 4238625
 2550352
 876593
 3183008
 3264887
 1125424
 1224022
 4723904
 3789659
 4230360
 4677419
 925092
 1717288
 99588
 2229400
 927565
 1652678
 1696202
 2292186
 4495042
 1833366
 2244557
 268088
 2289420
 4746787
 3069494
 487851
 3620309
 2653643
 2933982
 4979825
 2222222
 82112
 3899178
 999559
 2533632
 2171052
 2031158
 3029041
 746390
 3185123
 4747188
 3714338
 3782505
 912351
 1957266
 2174207
 3048548
 1550288
 4767314
 279044
 3881852
 771917
 4650464
 3912951
 2885482
 3564217
 4588157
 340937
 2689694
 1453744
 1683412
 1584260
 4165163
 992919
 2855944
 1657606
 1207129
 4770340
 4593669
 3794377
 2561258
 2587939
 3621059
 1391049
 1125076
 2731178
 332298
 4627403
 2098940
 887736
 1136428
 78159
 27728
 3579817
 1595346
 3684875
 318324
 3052253
 1422376
 4501233
 3654970
 3965429
 3647385
 1174616
 1510757
 3960903
 4280580
 2116324
 4207411
 2410704
 2561584
 3687943
 2229464
 158566
 190311
 4636820
 4364985
 489441
 489795
 4189057
 2715814
 3782107
 3182003
 1062660
 693054
 1970278
 1745788
 3718689
 2662580
 4305379
 4765218
 4492781
 4683323
 1757621
 3952641
 3441091
 3226611
 1937327
 1820995
 1036761
 3223605
 4809667
 400360
 1590175
 927696
 4097103
 1672306
 1832710
 4725363
 4017119
 2651615
 3798990
 1373690
 903954
 1787072
 3278753
 2748091
 4117027
 4222101
 2260623
 1466017
 465825
 95689
 880758
 4306883
 3299531
 415983
 2345180
 415533
 880239
 4837793
 2859349
 1073004
 3922260
 2528121
 3068951
 4000524
 367024
 2263128
 3003199
 3224684
 892149
 4718538
 4038672
 829666
 2653136
 3693678
 2381265
 3275362
 1468082
 4832656
 3475832
 4849449
 2055619
 672175
 2953813
 4286017
 308550
 1067867
 4509522
 1064142
 3902644
 3843648
 4972216
 3372093
 2988674
 2860440
 19549
 3624242
 3190266
 3967775
 1869681
 4060356
 4655172
 340755
 4736761
 2317044
 3702290
 2876218
 2620361
 4793470
 3138529
 2033467
 3940579
 612244
 1842721
 2940549
 2887323
 3784736
 2643979
 3885191
 2054105
 1990811
 1265861
 2091979
 4496567
 3959787
 1693472
 643604
 4495798
 3672427
 394257
 2209036
 957487
 2940318
 3171356
 391317
 3794232
 3014218
 213018
 84604
 2083245
 270880
 2399527
 4529530
 1489790
 4461628
 2548515
 2887453
 2394919
 1497424
 431380
 3524920
 3049015
 135592
 3804538
 1937645
 4518961
 358345
 238503
 3980362
 1766698
 4822455
 2118284
 781893
 4292484
 3236686
 4273064
 1600964
 218636
 3866587
 2374262
 10672
 3636563
 1465067
 3269018
 4789165
 1472709
 2831660
 2794815
 1443406
 92277
 3097238
 684482
 514950
 2081681
 2739612
 2130089
 2809642
 78572
 1505141
 251352
 2689755
 1768224
 4965406
 2211009
 4968845
 155713
 2616874
 2895010
 3360403
 3630311
 593456
 757771
 3785568
 3473794
 3097533
 3236436
 88035
 1658012
 3783112
 1236297
 341223
 2603719
 1633960
 829982
 3524481
 4776731
 2993266
 1079669
 1011536
 2074752
 4430260
 1141828
 4857462
 1128346
 2081301
 1948242
 3015873
 3164369
 412776
 1649129
 4332659
 668547
 2265934
 279104
 4053906
 1903114
 1205751
 1302111
 665104
 885833
 2344048
 589983
 2538802
 1047035
 86856
 3148843
 4273079
 340409
 1679810
 2279200
 4461383
 1202531
 14176
 1272130
 1680954
 1226284
 4947368
 38840
 379208
 4042540
 4137037
 1515467
 1797614
 2986269
 2888390
 1043029
 2568648
 1535779
 3888888
 157699
 3393639
 41353
 631058
 3306754
 4993440
 4664292
 4821306
 3561606
 4938099
 858834
 1157997
 2314151
 841488
 4735189
 4613207
 3609902
 1033669
 4957350
 864288
 4667374
 1406480
 4383854
 4131630
 4135556
 2496382
 3028790
 2371102
 2879637
 3978839
 329670
 3679890
 3738726
 806973
 622717
 1239929
 3649218
 3066434
 3626943
 3422035
 3594193
 4084341
 3495145
 1904458
 3459107
 350404
 2037115
 1482283
 2530338
 4492626
 4128474
 4006401
 3400000
 133573
 1360456
 440444
 2929238
 1700172
 1748787
 3228311
 4655493
 2194340
 2938547
 906082
 3545890
 4690137
 2419354
 2320522
 4798200
 2576012
 3780487
 1997542
 2922283
 2542667
 1174334
 732773
 2022835
 1496137
 1671744
 1434215
 2118226
 4377510
 2328741
 4753775
 1781305
 1212679
 3577412
 4762988
 2061294
 1004473
 4538116
 4843750
 2363614
 2020133
 4454583
 1535535
 3716985
 1404976
 244773
 2167707
 2941473
 3394316
 623623
 2290187
 1925272
 1726298
 848210
 3303587
 2414691
 2675791
 4599677
 1850925
 407379
 349702
 2519878
 1715794
 4008699
 1631735
 381328
 2639908
 1110559
 1082776
 2295199
 3902499
 243448
 2341632
 4633575
 3694203
 3907654
 4094674
 2459639
 532268
 1174030
 2853342
 3495686
 461397
 567916
 455332
 3165406
 3926235
 1124392
 3673656
 1678956
 3118744
 1465850
 760233
 3799073
 503355
 1873282
 934289
 1161713
 3660881
 1158092
 378509
 3628054
 4643236
 4025102
 1496030
 4362037
 2477958
 3712282
 4262472
 1817155
 806374
 1387876
 1150848
 3629482
 385788
 1599392
 3921356
 1731937
 2074804
 528465
 3378582
 2835587
 3755199
 2577291
 1432295
 1785726
 1603495
 1443231
 1516541
 4681133
 1099956
 4121628
 249559
 4854700
 1807650
 276843
 1140039
 4086021
 3327183
 626922
 1631489
 855851
 2559419
 1477272
 1476458
 4118179
 4203320
 4755113
 4200000
 1893977
 1991104
 3038857
 3023836
 73829
 524559
 2734433
 2642571
 3601409
 256244
 589753
 4332723
 4270998
 2738808
 3950325
 3630806
 3192371
 1378607
 385887
 3312003
 2629410
 3178305
 65778
 3820388
 666362
 1436527
 2215804
 669878
 4717660
 4394342
 921783
 1044062
 1345614
 152561
 271135
 2980448
 2285868
 4902174
 2851607
 975262
 169174
 3217587
 386335
 1056002
 3087919
 1089735
 2910052
 1853336
 1041989
 180730
 3287389
 1398373
 4317937
 1621823
 1505256
 4659927
 4714173
 2516135
 4817509
 3804612
 2262192
 3214730
 763928
 4270099
 72135
 1709265
 1196803
 3980597
 525485
 841811
 775729
 4076561
 2296610
 1432045
 1549737
 184104
 3182393
 3027915
 1020298
 2539781
 671888
 4992944
 4006495
 1528599
 4857412
 4097484
 2169302
 3778017
 3959982
 2032002
 1952014
 4669113
 112227
 4312405
 4296590
 4363737
 4034765
 3999672
 3195056
 535540
 1381905
 4945415
 4629469
 4628571
 1514825
 2145620
 2471370
 2515513
 3622603
 2124645
 4302325
 1968625
 1574709
 1802900
 2203351
 4029097
 2719665
 3647457
 4423610
 3911095
 4081699
 3919485
 4874759
 323450
 1857889
 4625160
 2056334
 2406345
 437850
 1773818
 4901635
 4933179
 3501265
 4376181
 2518005
 1041505
 2887096
 4877144
 1260997
 2709277
 1186404
 97911
 4807923
 1596686
 2268725
 2927580
 572115
 285278
 3858437
 468664
 1757377
 56818
 494399
 2853284
 4172024
 1219081
 4559695
 3304026
 944172
 1260294
 4880603
 3234644
 1933668
 1896028
 4620298
 2450271
 402847
 2106281
 2870485
 72451
 2699386
 894859
 2615453
 4335795
 1073668
 4337893
 1551126
 2635018
 3383864
 1466643
 1345910
 3696608
 1489515
 4821853
 4384362
 1795787
 1403233
 1291028
 1279722
 4558011
 2788821
 1573001
 3077643
 1490196
 2125047
 976137
 3157706
 4961910
 2932232
 1831229
 1851882
 4157361
 4920247
 4616140
 147354
 837282
 2826476
 1407801
 3303412
 1150818
 3959452
 152178
 1357695
 677618
 1153713
 913026
 3474775
 454545
 1346877
 2576381
 165816
 2715183
 4168286
 959837
 3970393
 609756
 4446477
 3881291
 1633592
 206513
 962159
 1215377
 2256857
 56577
 934202
 2262062
 1260428
 4990533
 3736842
 3554960
 2559540
 2553191
 3900515
 4419174
 2771277
 922924
 1899679
 4584120
 4590775
 1737751
 3409296
 4274733
 2089507
 2418075
 1288894
 1552525
 138730
 238095
 4687049
 4272445
 1680351
 1196971
 2666440
 2112906
 1774055
 3258145
 1963624
 4990195
 4269657
 1815759
 518712
 976695
 3823529
 4851448
 4899873
 4704257
 4158281
 3390026
 3860281
 4668577
 4112253
 2504101
 4414490
 2102034
 1660329
 18915
 3035743
 71357
 1911546
 3487179
 3267871
 4078654
 1964296
 4792481
 693641
 3770590
 2202431
 630161
 4605585
 4069767
 561002
 485241
 509368
 4194137
 1109524
 643856
 3186274
 4821138
 2390891
 4606005
 1028973
 2858036
 390605
 294279
 4481002
 4743090
 417195
 4877959
 4742734
 4366963
 1914025
 4928133
 1168896
 4104477
 4435021
 1352390
 4033494
 3316079
 1439018
 754138
 4499514
 3863705
 2407517
 1461644
 3617123
 299513
 3543331
 1307787
 3840216
 4888777
 2870765
 4667786
 3785491
 3269803
 3897316
 1903729
 4818724
 4467075
 2232079
 2116577
 3179143
 1326445
 1257120
 3526966
 2112270
 1067267
 362167
 3620997
 4076175
 3539185
 3881865
 2757196
 1090909
 4044186
 176310
 4484058
 2198760
 1606327
 2456885
 3247787
 564536
 2836572
 4545640
 3704523
 3255190
 2273207
 1926341
 604250
 2747086
 2981462
 3126975
 3959974
 1875267